
[ tot_proteins,198.0,0.8904916402194913,1.0 ]	
[ sgpt,7.95,0.9932338197397066,1.0 ]	[ albumin,30.5,0.5983474220910422,1.0 ]	
[ tot_bilirubin,6.05,0.9991421039919088,1.0 ]	[ ,-1,0.0,1.0 ]	[ tot_proteins,291.0,0.9940302114769565,1.0 ]	[ ag_ratio,57.5,0.26676498780302604,1.0 ]	
[ ag_ratio,38.5,0.9997615248696312,1.0 ]	[ ,-1,0.0,1.0 ]	[ tot_bilirubin,0.75,0.863120568566631,1.0 ]	[ ,-1,0.0,2.0 ]	[ ag_ratio,56.0,0.5032583347756457,2.0 ]	[ ,-1,0.0,1.0 ]	
[ sgpt,7.35,0.9774178175281716,1.0 ]	[ sgpt,7.75,0.9182958340544896,2.0 ]	[ sgpt,5.1,0.9182958340544896,1.0 ]	[ ,-1,0.0,1.0 ]	[ alkphos,1.1,0.3227569588973982,1.0 ]	[ ,-1,0.0,2.0 ]	
[ tot_proteins,180.0,0.9182958340544896,1.0 ]	[ ,-1,0.0,2.0 ]	[ albumin,21.5,0.8314743880097293,2.0 ]	[ ,-1,0.0,1.0 ]	[ ,-1,0.0,1.0 ]	[ ,-1,0.0,2.0 ]	[ ,-1,0.0,1.0 ]	[ sgpt,6.85,1.0,1.0 ]	
[ sgot,3.2,0.7219280948873623,1.0 ]	[ alkphos,1.05,0.9967916319816366,1.0 ]	[ ,-1,0.0,1.0 ]	[ ag_ratio,130.0,0.6722948170756379,2.0 ]	[ ,-1,0.0,1.0 ]	[ ,-1,0.0,2.0 ]	
[ tot_bilirubin,0.8500000000000001,0.954434002924965,2.0 ]	[ ,-1,0.0,1.0 ]	[ tot_proteins,185.5,0.7642045065086203,1.0 ]	[ sgot,4.15,0.6500224216483541,2.0 ]	[ tot_proteins,155.0,0.35335933502142136,2.0 ]	[ ,-1,0.0,1.0 ]	
[ tot_proteins,172.5,0.6500224216483541,1.0 ]	[ ,-1,0.0,2.0 ]	[ albumin,26.0,1.0,2.0 ]	[ ,-1,0.0,1.0 ]	[ ,-1,0.0,2.0 ]	[ ,-1,0.0,1.0 ]	[ sgpt,5.65,1.0,2.0 ]	[ ,-1,0.0,2.0 ]	
[ ,-1,0.0,1.0 ]	[ ,-1,0.0,2.0 ]	[ ,-1,0.0,2.0 ]	[ ,-1,0.0,1.0 ]	[ ,-1,0.0,2.0 ]	[ ,-1,0.0,1.0 ]	