
[ ag_ratio,60.0,0.8915175299634532,1.0 ]	
[ age,57.0,0.9837082626231859,1.0 ]	[ tot_bilirubin,1.25,0.30540057087920036,1.0 ]	
[ albumin,14.5,0.9999128895013562,1.0 ]	[ sgpt,6.8,0.6631968402398287,1.0 ]	[ tot_proteins,183.0,0.8812908992306927,1.0 ]	[ ,-1,0.0,1.0 ]	
[ ,-1,0.0,2.0 ]	[ tot_proteins,168.5,0.9948631079048571,1.0 ]	[ albumin,13.0,0.4262286569981449,1.0 ]	[ sgpt,7.05,1.0,2.0 ]	[ ,-1,0.0,2.0 ]	[ tot_bilirubin,1.1,0.5435644431995964,1.0 ]	
[ sgpt,7.0,0.9043814577244937,1.0 ]	[ alkphos,1.15,0.944387195013346,2.0 ]	[ ,-1,0.0,2.0 ]	[ alkphos,0.75,0.26676498780302604,1.0 ]	[ ,-1,0.0,2.0 ]	[ ,-1,0.0,1.0 ]	[ ,-1,0.0,1.0 ]	[ ,-1,0.0,2.0 ]	
[ age,41.0,0.9819407868640977,1.0 ]	[ ,-1,0.0,2.0 ]	[ alkphos,0.8,0.8541802051521676,1.0 ]	[ ag_ratio,18.5,0.9709505944546686,2.0 ]	[ tot_proteins,186.0,0.8112781244591328,2.0 ]	[ ,-1,0.0,1.0 ]	
[ age,33.0,0.9798687566511528,1.0 ]	[ tot_bilirubin,0.6499999999999999,0.5916727785823275,2.0 ]	[ sgot,3.2,0.9975025463691152,1.0 ]	[ sgpt,7.75,0.6193821946787638,1.0 ]	[ ,-1,0.0,1.0 ]	[ albumin,49.0,0.8112781244591328,2.0 ]	[ ,-1,0.0,2.0 ]	[ ,-1,0.0,1.0 ]	
[ tot_bilirubin,2.55,0.954434002924965,1.0 ]	[ ,-1,0.0,1.0 ]	[ ,-1,0.0,1.0 ]	[ ,-1,0.0,2.0 ]	[ tot_bilirubin,2.2,0.9612366047228759,1.0 ]	[ ,-1,0.0,1.0 ]	[ ag_ratio,25.0,0.2761954276479391,1.0 ]	[ tot_proteins,287.5,0.9709505944546686,1.0 ]	[ ,-1,0.0,2.0 ]	[ ,-1,0.0,1.0 ]	
[ ag_ratio,14.0,0.6500224216483541,1.0 ]	[ ,-1,0.0,1.0 ]	[ tot_proteins,219.5,1.0,1.0 ]	[ ,-1,0.0,2.0 ]	[ tot_bilirubin,1.1,0.8112781244591328,2.0 ]	[ ,-1,0.0,1.0 ]	[ albumin,37.5,0.9182958340544896,1.0 ]	[ ,-1,0.0,2.0 ]	
[ ,-1,0.0,1.0 ]	[ ,-1,0.0,2.0 ]	[ tot_proteins,180.5,0.863120568566631,1.0 ]	[ ,-1,0.0,1.0 ]	[ ,-1,0.0,1.0 ]	[ ,-1,0.0,2.0 ]	[ ,-1,0.0,2.0 ]	[ ,-1,0.0,1.0 ]	
[ ,-1,0.0,1.0 ]	[ ag_ratio,17.0,0.6500224216483541,2.0 ]	
[ ,-1,0.0,1.0 ]	[ ,-1,0.0,2.0 ]	